new_lambda
tensor(0.7576, dtype=torch.float64)
--------------------------------------------------------------------------------

default_settings
######################### DEFAULT SETTINGS#########################
--------------------------------------------------------------------------------

grammar
Harmonic Grammar with 6 fillers and 5 roles
--------------------------------------------------------------------------------

R
tensor([[-0.3500, -0.4632,  0.5658,  0.5853,  0.0131],
        [ 0.3750,  0.0360, -0.2130,  0.4411,  0.7862],
        [-0.3290,  0.8742,  0.2377,  0.2646,  0.0328],
        [ 0.7850,  0.1401,  0.3582,  0.2434, -0.4203],
        [ 0.1118,  0.0176,  0.6706, -0.5776,  0.4516]])
--------------------------------------------------------------------------------

F
tensor([[ 0.1905,  0.0081, -0.0906, -0.2409, -0.2830,  0.9040],
        [ 0.5490, -0.6301,  0.0465,  0.2391,  0.4801,  0.1087],
        [-0.1329,  0.0786, -0.3618,  0.8841, -0.1882,  0.1677],
        [ 0.4441,  0.7229, -0.2534, -0.0058,  0.4643,  0.0183],
        [-0.5816,  0.0883,  0.3654,  0.1114,  0.6047,  0.3774],
        [ 0.3305,  0.2575,  0.8130,  0.3011, -0.2698,  0.0052]])
--------------------------------------------------------------------------------

nSym
30
--------------------------------------------------------------------------------

filler2index
{'bh': 0, 'b': 1, 'u': 2, 'd': 3, 'dh': 4, 'p': 5, '#': 6}
--------------------------------------------------------------------------------

index2filler
{0: 'bh', 1: 'b', 2: 'u', 3: 'd', 4: 'dh', 5: 'p', 6: '#'}
--------------------------------------------------------------------------------

role2index
{'s1': 0, 's2': 1, 's3': 2, 's4': 3, 's5': 4}
--------------------------------------------------------------------------------

index2role
{0: 's1', 1: 's2', 2: 's3', 3: 's4', 4: 's5'}
--------------------------------------------------------------------------------

bind2index
{'bh/s1': 0, 'b/s1': 1, 'u/s1': 2, 'd/s1': 3, 'dh/s1': 4, 'p/s1': 5, '#/s1': 6, 'bh/s2': 7, 'b/s2': 8, 'u/s2': 9, 'd/s2': 10, 'dh/s2': 11, 'p/s2': 12, '#/s2': 13, 'bh/s3': 14, 'b/s3': 15, 'u/s3': 16, 'd/s3': 17, 'dh/s3': 18, 'p/s3': 19, '#/s3': 20, 'bh/s4': 21, 'b/s4': 22, 'u/s4': 23, 'd/s4': 24, 'dh/s4': 25, 'p/s4': 26, '#/s4': 27, 'bh/s5': 28, 'b/s5': 29, 'u/s5': 30, 'd/s5': 31, 'dh/s5': 32, 'p/s5': 33, '#/s5': 34}
--------------------------------------------------------------------------------

index2bind
{0: 'bh/s1', 1: 'b/s1', 2: 'u/s1', 3: 'd/s1', 4: 'dh/s1', 5: 'p/s1', 6: '#/s1', 7: 'bh/s2', 8: 'b/s2', 9: 'u/s2', 10: 'd/s2', 11: 'dh/s2', 12: 'p/s2', 13: '#/s2', 14: 'bh/s3', 15: 'b/s3', 16: 'u/s3', 17: 'd/s3', 18: 'dh/s3', 19: 'p/s3', 20: '#/s3', 21: 'bh/s4', 22: 'b/s4', 23: 'u/s4', 24: 'd/s4', 25: 'dh/s4', 26: 'p/s4', 27: '#/s4', 28: 'bh/s5', 29: 'b/s5', 30: 'u/s5', 31: 'd/s5', 32: 'dh/s5', 33: 'p/s5', 34: '#/s5'}
--------------------------------------------------------------------------------

settings
{'maxInp': 1, 'epochs': 5, 'timeStep': 0.0001, 'tgtStd': 0.00125, 'TInit': -1, 'TMin': 0, 'TdecayRate': 0.05, 'lambdaInit': tensor(0.7576, dtype=torch.float64), 'lambdaMin': 0.01, 'lambdaDecayRate': 0.75, 'maxSteps': 60000, 'emaSpeedTol': 0.002, 'emaFactor': 0.05, 'diary': False, 'printInterval': 3000, 'saveFile': 'Simulations/grassman.txt', 'summary_file': 'data/summary.txt', 'initStateMean': tensor([[0.1667, 0.0000, 0.0000, 0.0000, 0.0000],
        [0.0000, 0.1667, 0.0000, 0.0000, 0.0000],
        [0.0000, 0.0000, 0.1667, 0.0000, 0.0000],
        [0.0000, 0.0000, 0.0000, 0.1667, 0.0000],
        [0.0000, 0.0000, 0.0000, 0.0000, 0.1667],
        [0.0000, 0.0000, 0.0000, 0.0000, 0.0000]]), 'initStateStdev': 0.025, 'clamped': False}
--------------------------------------------------------------------------------

vars
{'var_names': ['Activation', 'Harmony', 'H0', 'Q', 'q', 'Temp', 'time', 'ema_speed', 'speed'], 'norm_ord': tensor([inf]), 'coord': 'N', 'ema_factor': 0.001, 'ema_tau': 0.14476482730108395, 'T_init': 0.001, 'T_min': 0.0, 'T_decay_rate': 0.001, 'q_init': 0.08, 'q_max': 200.0, 'q_rate': 10.0, 'c': 0.5, 'bowl_center': tensor([0.5000, 0.5000, 0.5000, 0.5000, 0.5000, 0.5000, 0.5000, 0.5000, 0.5000,
        0.5000, 0.5000, 0.5000, 0.5000, 0.5000, 0.5000, 0.5000, 0.5000, 0.5000,
        0.5000, 0.5000, 0.5000, 0.5000, 0.5000, 0.5000, 0.5000, 0.5000, 0.5000,
        0.5000, 0.5000, 0.5000], dtype=torch.float64), 'bowl_strength': tensor(0.1000, dtype=torch.float64), 'beta_min_offset': 0.1, 'H0_on': True, 'H1_on': True, 'Hq_on': True, 'max_dt': 0.01, 'min_dt': 0.0005, 'q_policy': None, 'time': 0, 'dt': 0.001, 'zeta_bowl': tensor([0.0857, 0.1392, 0.0786, 0.2441, 0.1695, 0.2523, 0.3479, 0.5653, 0.3189,
        0.9909, 0.6882, 1.0245, 0.2637, 0.4285, 0.2417, 0.7511, 0.5216, 0.7765,
        0.2701, 0.4388, 0.2475, 0.7691, 0.5341, 0.7951, 0.1645, 0.2673, 0.1508,
        0.4685, 0.3254, 0.4844], dtype=torch.float64), 'lambda_rec': tensor(0.7576, dtype=torch.float64), 'lambdaInit': tensor(0.7576, dtype=torch.float64), 'T_rec': tensor(1.5626e-07, dtype=torch.float64)}
--------------------------------------------------------------------------------

Hc
tensor([[0., 0., 0., 0., 0.],
        [0., 0., 0., 0., 0.],
        [0., 0., 0., 0., 0.],
        [0., 0., 0., 0., 0.],
        [0., 0., 0., 0., 0.],
        [0., 0., 0., 0., 0.]])
--------------------------------------------------------------------------------

Hcc
tensor([[[[ 0.0000,  0.0000,  0.0000,  0.0000,  0.0000],
          [-2.0000,  0.0000,  0.0000,  0.0000,  0.0000],
          [ 0.0000,  0.0000,  0.0000,  0.0000,  0.0000],
          [ 0.0000,  0.0000,  1.5000,  0.0000,  0.0000],
          [ 0.0000,  0.0000, -1.5000,  0.0000,  0.0000],
          [ 0.0000,  0.0000,  0.0000,  0.0000,  0.0000]],

         [[ 0.0000,  0.0000,  0.0000,  0.0000,  0.0000],
          [ 0.0000,  0.0000,  0.0000,  0.0000,  0.0000],
          [ 0.0000,  0.0000,  0.0000,  0.0000,  0.0000],
          [ 0.0000,  0.0000,  0.0000,  0.0000,  0.0000],
          [ 0.0000,  0.0000,  0.0000,  0.0000,  0.0000],
          [ 0.0000,  0.0000,  0.0000,  0.0000,  0.0000]],

         [[ 0.0000,  0.0000,  0.0000,  0.0000,  0.0000],
          [ 0.0000,  0.0000,  0.0000,  0.0000,  0.0000],
          [ 0.0000,  0.0000,  0.0000,  0.0000,  0.0000],
          [ 0.0000,  0.0000,  0.0000,  0.0000,  0.0000],
          [ 0.0000,  0.0000,  0.0000,  0.0000,  0.0000],
          [ 0.0000,  0.0000,  0.0000,  0.0000,  0.0000]],

         [[ 0.0000,  0.0000,  0.0000,  0.0000,  0.0000],
          [ 0.0000,  0.0000,  0.0000,  0.0000,  0.0000],
          [ 0.0000,  0.0000,  0.0000,  0.0000,  0.0000],
          [ 0.0000,  0.0000,  0.0000,  0.0000,  0.0000],
          [ 0.0000,  0.0000,  0.0000,  0.0000,  0.0000],
          [ 0.0000,  0.0000,  0.0000,  0.0000,  0.0000]],

         [[ 0.0000,  0.0000,  0.0000,  0.0000,  0.0000],
          [ 0.0000,  0.0000,  0.0000,  0.0000,  0.0000],
          [ 0.0000,  0.0000,  0.0000,  0.0000,  0.0000],
          [ 0.0000,  0.0000,  0.0000,  0.0000,  0.0000],
          [ 0.0000,  0.0000,  0.0000,  0.0000,  0.0000],
          [ 0.0000,  0.0000,  0.0000,  0.0000,  0.0000]]],


        [[[-2.0000,  0.0000,  0.0000,  0.0000,  0.0000],
          [ 0.0000,  0.0000,  0.0000,  0.0000,  0.0000],
          [ 0.0000,  0.0000,  0.0000,  0.0000,  0.0000],
          [ 0.0000,  0.0000,  0.0000,  0.0000,  0.0000],
          [ 0.0000,  0.0000,  0.0000,  7.5000,  0.0000],
          [ 0.0000,  0.0000,  0.0000,  0.0000,  0.0000]],

         [[ 0.0000,  0.0000,  0.0000,  0.0000,  0.0000],
          [ 0.0000,  0.0000,  0.0000,  0.0000,  0.0000],
          [ 0.0000,  0.0000,  0.0000,  0.0000,  0.0000],
          [ 0.0000,  0.0000,  0.0000,  0.0000,  0.0000],
          [ 0.0000,  0.0000,  0.0000,  0.0000,  0.0000],
          [ 0.0000,  0.0000,  0.0000,  0.0000,  0.0000]],

         [[ 0.0000,  0.0000,  0.0000,  0.0000,  0.0000],
          [ 0.0000,  0.0000,  0.0000,  0.0000,  0.0000],
          [ 0.0000,  0.0000,  0.0000,  0.0000,  0.0000],
          [ 0.0000,  0.0000,  0.0000,  0.0000,  0.0000],
          [ 0.0000,  0.0000,  0.0000,  0.0000,  0.0000],
          [ 0.0000,  0.0000,  0.0000,  0.0000,  0.0000]],

         [[ 0.0000,  0.0000,  0.0000,  0.0000,  0.0000],
          [ 0.0000,  0.0000,  0.0000,  0.0000,  0.0000],
          [ 0.0000,  0.0000,  0.0000,  0.0000,  0.0000],
          [ 0.0000,  0.0000,  0.0000,  0.0000,  0.0000],
          [ 0.0000,  0.0000,  0.0000,  0.0000,  0.0000],
          [ 0.0000,  0.0000,  0.0000,  0.0000,  0.0000]],

         [[ 0.0000,  0.0000,  0.0000,  0.0000,  0.0000],
          [ 0.0000,  0.0000,  0.0000,  0.0000,  0.0000],
          [ 0.0000,  0.0000,  0.0000,  0.0000,  0.0000],
          [ 0.0000,  0.0000,  0.0000,  0.0000,  0.0000],
          [ 0.0000,  0.0000,  0.0000,  0.0000,  0.0000],
          [ 0.0000,  0.0000,  0.0000,  0.0000,  0.0000]]],


        [[[ 0.0000,  0.0000,  0.0000,  0.0000,  0.0000],
          [ 0.0000,  0.0000,  0.0000,  0.0000,  0.0000],
          [ 0.0000,  0.0000,  0.0000,  0.0000,  0.0000],
          [ 0.0000,  0.0000,  0.0000,  0.0000,  0.0000],
          [ 0.0000,  0.0000,  0.0000,  0.0000,  0.0000],
          [ 0.0000,  0.0000,  0.0000,  0.0000,  0.0000]],

         [[ 0.0000,  0.0000,  0.0000,  0.0000,  0.0000],
          [ 0.0000,  0.0000,  0.0000,  0.0000,  0.0000],
          [ 0.0000,  0.0000,  0.0000,  0.0000,  0.0000],
          [ 0.0000,  0.0000,  0.0000,  0.0000,  0.0000],
          [ 0.0000,  0.0000,  0.0000,  0.0000,  0.0000],
          [ 0.0000,  0.0000,  0.0000,  0.0000,  0.0000]],

         [[ 0.0000,  0.0000,  0.0000,  0.0000,  0.0000],
          [ 0.0000,  0.0000,  0.0000,  0.0000,  0.0000],
          [ 0.0000,  0.0000,  0.0000,  0.0000,  0.0000],
          [ 0.0000,  0.0000,  0.0000,  0.0000,  0.0000],
          [ 0.0000,  0.0000,  0.0000,  0.0000,  0.0000],
          [ 0.0000,  0.0000,  0.0000,  0.0000,  0.0000]],

         [[ 0.0000,  0.0000,  0.0000,  0.0000,  0.0000],
          [ 0.0000,  0.0000,  0.0000,  0.0000,  0.0000],
          [ 0.0000,  0.0000,  0.0000,  0.0000,  0.0000],
          [ 0.0000,  0.0000,  0.0000,  0.0000,  0.0000],
          [ 0.0000,  0.0000,  0.0000,  0.0000,  0.0000],
          [ 0.0000,  0.0000,  0.0000,  0.0000,  0.0000]],

         [[ 0.0000,  0.0000,  0.0000,  0.0000,  0.0000],
          [ 0.0000,  0.0000,  0.0000,  0.0000,  0.0000],
          [ 0.0000,  0.0000,  0.0000,  0.0000,  0.0000],
          [ 0.0000,  0.0000,  0.0000,  0.0000,  0.0000],
          [ 0.0000,  0.0000,  0.0000,  0.0000,  0.0000],
          [ 0.0000,  0.0000,  0.0000,  0.0000,  0.0000]]],


        [[[ 0.0000,  0.0000,  0.0000,  0.0000,  0.0000],
          [ 0.0000,  0.0000,  0.0000,  0.0000,  0.0000],
          [ 0.0000,  0.0000,  0.0000,  0.0000,  0.0000],
          [ 0.0000,  0.0000,  0.0000,  0.0000,  0.0000],
          [ 0.0000,  0.0000,  0.0000,  0.0000,  0.0000],
          [ 0.0000,  0.0000,  0.0000,  0.0000,  0.0000]],

         [[ 0.0000,  0.0000,  0.0000,  0.0000,  0.0000],
          [ 0.0000,  0.0000,  0.0000,  0.0000,  0.0000],
          [ 0.0000,  0.0000,  0.0000,  0.0000,  0.0000],
          [ 0.0000,  0.0000,  0.0000,  0.0000,  0.0000],
          [ 0.0000,  0.0000,  0.0000,  0.0000,  0.0000],
          [ 0.0000,  0.0000,  0.0000,  0.0000,  0.0000]],

         [[ 1.5000,  0.0000,  0.0000,  0.0000,  0.0000],
          [ 0.0000,  0.0000,  0.0000,  0.0000,  0.0000],
          [ 0.0000,  0.0000,  0.0000,  0.0000,  0.0000],
          [ 0.0000,  0.0000,  0.0000,  0.0000,  0.0000],
          [ 0.0000,  0.0000, -1.0000,  0.0000,  0.0000],
          [ 0.0000,  0.0000,  0.0000,  0.0000,  0.0000]],

         [[ 0.0000,  0.0000,  0.0000,  0.0000,  0.0000],
          [ 0.0000,  0.0000,  0.0000,  0.0000,  0.0000],
          [ 0.0000,  0.0000,  0.0000,  0.0000,  0.0000],
          [ 0.0000,  0.0000,  0.0000,  0.0000,  0.0000],
          [ 0.0000,  0.0000,  0.0000,  0.0000,  0.0000],
          [ 0.0000,  0.0000,  0.0000,  0.0000,  0.0000]],

         [[ 0.0000,  0.0000,  0.0000,  0.0000,  0.0000],
          [ 0.0000,  0.0000,  0.0000,  0.0000,  0.0000],
          [ 0.0000,  0.0000,  0.0000,  0.0000,  0.0000],
          [ 0.0000,  0.0000,  0.0000,  0.0000,  0.0000],
          [ 0.0000,  0.0000,  0.0000,  0.0000,  0.0000],
          [ 0.0000,  0.0000,  0.0000,  0.0000,  0.0000]]],


        [[[ 0.0000,  0.0000,  0.0000,  0.0000,  0.0000],
          [ 0.0000,  0.0000,  0.0000,  0.0000,  0.0000],
          [ 0.0000,  0.0000,  0.0000,  0.0000,  0.0000],
          [ 0.0000,  0.0000,  0.0000,  0.0000,  0.0000],
          [ 0.0000,  0.0000,  0.0000,  0.0000,  0.0000],
          [ 0.0000,  0.0000,  0.0000,  0.0000,  0.0000]],

         [[ 0.0000,  0.0000,  0.0000,  0.0000,  0.0000],
          [ 0.0000,  0.0000,  0.0000,  0.0000,  0.0000],
          [ 0.0000,  0.0000,  0.0000,  0.0000,  0.0000],
          [ 0.0000,  0.0000,  0.0000,  0.0000,  0.0000],
          [ 0.0000,  0.0000,  0.0000,  0.0000,  0.0000],
          [ 0.0000,  0.0000,  0.0000,  0.0000,  0.0000]],

         [[-1.5000,  0.0000,  0.0000,  0.0000,  0.0000],
          [ 0.0000,  0.0000,  0.0000,  0.0000,  0.0000],
          [ 0.0000,  0.0000,  0.0000,  0.0000,  0.0000],
          [ 0.0000,  0.0000, -1.0000,  0.0000,  0.0000],
          [ 0.0000,  0.0000,  0.0000,  0.0000,  0.0000],
          [ 0.0000,  0.0000,  0.0000,  0.0000,  0.0000]],

         [[ 0.0000,  0.0000,  0.0000,  0.0000,  0.0000],
          [ 7.5000,  0.0000,  0.0000,  0.0000,  0.0000],
          [ 0.0000,  0.0000,  0.0000,  0.0000,  0.0000],
          [ 0.0000,  0.0000,  0.0000,  0.0000,  0.0000],
          [ 0.0000,  0.0000,  0.0000,  0.0000,  0.0000],
          [ 0.0000,  0.0000,  0.0000,  0.0000,  0.0000]],

         [[ 0.0000,  0.0000,  0.0000,  0.0000,  0.0000],
          [ 0.0000,  0.0000,  0.0000,  0.0000,  0.0000],
          [ 0.0000,  0.0000,  0.0000,  0.0000,  0.0000],
          [ 0.0000,  0.0000,  0.0000,  0.0000,  0.0000],
          [ 0.0000,  0.0000,  0.0000,  0.0000,  0.0000],
          [ 0.0000,  0.0000,  0.0000,  0.0000,  0.0000]]],


        [[[ 0.0000,  0.0000,  0.0000,  0.0000,  0.0000],
          [ 0.0000,  0.0000,  0.0000,  0.0000,  0.0000],
          [ 0.0000,  0.0000,  0.0000,  0.0000,  0.0000],
          [ 0.0000,  0.0000,  0.0000,  0.0000,  0.0000],
          [ 0.0000,  0.0000,  0.0000,  0.0000,  0.0000],
          [ 0.0000,  0.0000,  0.0000,  0.0000,  0.0000]],

         [[ 0.0000,  0.0000,  0.0000,  0.0000,  0.0000],
          [ 0.0000,  0.0000,  0.0000,  0.0000,  0.0000],
          [ 0.0000,  0.0000,  0.0000,  0.0000,  0.0000],
          [ 0.0000,  0.0000,  0.0000,  0.0000,  0.0000],
          [ 0.0000,  0.0000,  0.0000,  0.0000,  0.0000],
          [ 0.0000,  0.0000,  0.0000,  0.0000,  0.0000]],

         [[ 0.0000,  0.0000,  0.0000,  0.0000,  0.0000],
          [ 0.0000,  0.0000,  0.0000,  0.0000,  0.0000],
          [ 0.0000,  0.0000,  0.0000,  0.0000,  0.0000],
          [ 0.0000,  0.0000,  0.0000,  0.0000,  0.0000],
          [ 0.0000,  0.0000,  0.0000,  0.0000,  0.0000],
          [ 0.0000,  0.0000,  0.0000,  0.0000,  0.0000]],

         [[ 0.0000,  0.0000,  0.0000,  0.0000,  0.0000],
          [ 0.0000,  0.0000,  0.0000,  0.0000,  0.0000],
          [ 0.0000,  0.0000,  0.0000,  0.0000,  0.0000],
          [ 0.0000,  0.0000,  0.0000,  0.0000,  0.0000],
          [ 0.0000,  0.0000,  0.0000,  0.0000,  0.0000],
          [ 0.0000,  0.0000,  0.0000,  0.0000,  0.0000]],

         [[ 0.0000,  0.0000,  0.0000,  0.0000,  0.0000],
          [ 0.0000,  0.0000,  0.0000,  0.0000,  0.0000],
          [ 0.0000,  0.0000,  0.0000,  0.0000,  0.0000],
          [ 0.0000,  0.0000,  0.0000,  0.0000,  0.0000],
          [ 0.0000,  0.0000,  0.0000,  0.0000,  0.0000],
          [ 0.0000,  0.0000,  0.0000,  0.0000,  0.0000]]]])
--------------------------------------------------------------------------------

stimuli
None
--------------------------------------------------------------------------------

TP
tensor([[-6.6672e-02, -2.8512e-03,  3.1690e-02,  8.4301e-02,  9.9053e-02,
         -3.1638e-01, -8.8250e-02, -3.7740e-03,  4.1946e-02,  1.1158e-01,
          1.3111e-01, -4.1877e-01,  1.0780e-01,  4.6100e-03, -5.1238e-02,
         -1.3630e-01, -1.6016e-01,  5.1154e-01,  1.1151e-01,  4.7688e-03,
         -5.3004e-02, -1.4100e-01, -1.6568e-01,  5.2917e-01,  2.4917e-03,
          1.0655e-04, -1.1843e-03, -3.1505e-03, -3.7019e-03,  1.1824e-02],
        [-1.9212e-01,  2.2051e-01, -1.6275e-02, -8.3676e-02, -1.6800e-01,
         -3.8026e-02, -2.5430e-01,  2.9187e-01, -2.1542e-02, -1.1076e-01,
         -2.2237e-01, -5.0333e-02,  3.1063e-01, -3.5653e-01,  2.6314e-02,
          1.3529e-01,  2.7163e-01,  6.1482e-02,  3.2134e-01, -3.6882e-01,
          2.7221e-02,  1.3996e-01,  2.8100e-01,  6.3601e-02,  7.1799e-03,
         -8.2409e-03,  6.0823e-04,  3.1272e-03,  6.2786e-03,  1.4211e-03],
        [ 4.6504e-02, -2.7495e-02,  1.2662e-01, -3.0941e-01,  6.5857e-02,
         -5.8695e-02,  6.1555e-02, -3.6394e-02,  1.6761e-01, -4.0955e-01,
          8.7172e-02, -7.7691e-02, -7.5191e-02,  4.4456e-02, -2.0473e-01,
          5.0028e-01, -1.0648e-01,  9.4901e-02, -7.7783e-02,  4.5988e-02,
         -2.1179e-01,  5.1752e-01, -1.1015e-01,  9.8172e-02, -1.7380e-03,
          1.0276e-03, -4.7322e-03,  1.1563e-02, -2.4612e-03,  2.1936e-03],
        [-1.5542e-01, -2.5299e-01,  8.8674e-02,  2.0434e-03, -1.6249e-01,
         -6.4148e-03, -2.0572e-01, -3.3487e-01,  1.1737e-01,  2.7048e-03,
         -2.1508e-01, -8.4910e-03,  2.5129e-01,  4.0905e-01, -1.4337e-01,
         -3.3040e-03,  2.6272e-01,  1.0372e-02,  2.5995e-01,  4.2315e-01,
         -1.4832e-01, -3.4179e-03,  2.7178e-01,  1.0729e-02,  5.8083e-03,
          9.4549e-03, -3.3140e-03, -7.6368e-05,  6.0726e-03,  2.3974e-04],
        [ 2.0353e-01, -3.0904e-02, -1.2788e-01, -3.8986e-02, -2.1161e-01,
         -1.3206e-01,  2.6940e-01, -4.0907e-02, -1.6926e-01, -5.1603e-02,
         -2.8010e-01, -1.7480e-01, -3.2907e-01,  4.9968e-02,  2.0676e-01,
          6.3034e-02,  3.4215e-01,  2.1353e-01, -3.4042e-01,  5.1691e-02,
          2.1388e-01,  6.5207e-02,  3.5394e-01,  2.2088e-01, -7.6062e-03,
          1.1550e-03,  4.7790e-03,  1.4570e-03,  7.9084e-03,  4.9354e-03],
        [-1.1565e-01, -9.0126e-02, -2.8452e-01, -1.0537e-01,  9.4418e-02,
         -1.8295e-03, -1.5308e-01, -1.1929e-01, -3.7661e-01, -1.3947e-01,
          1.2498e-01, -2.4217e-03,  1.8699e-01,  1.4572e-01,  4.6003e-01,
          1.7036e-01, -1.5266e-01,  2.9581e-03,  1.9344e-01,  1.5074e-01,
          4.7589e-01,  1.7624e-01, -1.5792e-01,  3.0601e-03,  4.3222e-03,
          3.3682e-03,  1.0633e-02,  3.9378e-03, -3.5286e-03,  6.8374e-05],
        [ 7.1447e-02,  3.0554e-03, -3.3959e-02, -9.0338e-02, -1.0615e-01,
          3.3904e-01,  6.8677e-03,  2.9369e-04, -3.2643e-03, -8.6835e-03,
         -1.0203e-02,  3.2589e-02, -4.0580e-02, -1.7354e-03,  1.9288e-02,
          5.1310e-02,  6.0290e-02, -1.9257e-01,  8.4033e-02,  3.5936e-03,
         -3.9942e-02, -1.0625e-01, -1.2485e-01,  3.9876e-01,  1.4979e-01,
          6.4055e-03, -7.1194e-02, -1.8939e-01, -2.2253e-01,  7.1077e-01],
        [ 2.0588e-01, -2.3630e-01,  1.7440e-02,  8.9668e-02,  1.8003e-01,
          4.0749e-02,  1.9790e-02, -2.2714e-02,  1.6764e-03,  8.6192e-03,
          1.7305e-02,  3.9169e-03, -1.1694e-01,  1.3421e-01, -9.9059e-03,
         -5.0930e-02, -1.0226e-01, -2.3145e-02,  2.4215e-01, -2.7793e-01,
          2.0513e-02,  1.0546e-01,  2.1175e-01,  4.7927e-02,  4.3162e-01,
         -4.9539e-01,  3.6563e-02,  1.8799e-01,  3.7743e-01,  8.5428e-02],
        [-4.9835e-02,  2.9464e-02, -1.3569e-01,  3.3157e-01, -7.0574e-02,
          6.2898e-02, -4.7903e-03,  2.8322e-03, -1.3043e-02,  3.1872e-02,
         -6.7838e-03,  6.0460e-03,  2.8305e-02, -1.6735e-02,  7.7071e-02,
         -1.8833e-01,  4.0085e-02, -3.5725e-02, -5.8614e-02,  3.4655e-02,
         -1.5960e-01,  3.8998e-01, -8.3006e-02,  7.3978e-02, -1.0448e-01,
          6.1771e-02, -2.8447e-01,  6.9512e-01, -1.4796e-01,  1.3186e-01],
        [ 1.6655e-01,  2.7111e-01, -9.5025e-02, -2.1898e-03,  1.7413e-01,
          6.8742e-03,  1.6009e-02,  2.6060e-02, -9.1341e-03, -2.1049e-04,
          1.6737e-02,  6.6077e-04, -9.4596e-02, -1.5399e-01,  5.3972e-02,
          1.2438e-03, -9.8900e-02, -3.9044e-03,  1.9589e-01,  3.1887e-01,
         -1.1176e-01, -2.5756e-03,  2.0480e-01,  8.0852e-03,  3.4916e-01,
          5.6837e-01, -1.9922e-01, -4.5908e-03,  3.6505e-01,  1.4412e-02],
        [-2.1810e-01,  3.3118e-02,  1.3703e-01,  4.1778e-02,  2.2677e-01,
          1.4152e-01, -2.0965e-02,  3.1834e-03,  1.3172e-02,  4.0158e-03,
          2.1798e-02,  1.3603e-02,  1.2388e-01, -1.8810e-02, -7.7833e-02,
         -2.3729e-02, -1.2880e-01, -8.0380e-02, -2.5652e-01,  3.8952e-02,
          1.6117e-01,  4.9137e-02,  2.6671e-01,  1.6645e-01, -4.5724e-01,
          6.9430e-02,  2.8729e-01,  8.7585e-02,  4.7541e-01,  2.9669e-01],
        [ 1.2393e-01,  9.6580e-02,  3.0490e-01,  1.1291e-01, -1.0118e-01,
          1.9606e-03,  1.1913e-02,  9.2836e-03,  2.9308e-02,  1.0854e-02,
         -9.7257e-03,  1.8846e-04, -7.0392e-02, -5.4856e-02, -1.7318e-01,
         -6.4133e-02,  5.7468e-02, -1.1136e-03,  1.4577e-01,  1.1359e-01,
          3.5861e-01,  1.3280e-01, -1.1900e-01,  2.3060e-03,  2.5982e-01,
          2.0248e-01,  6.3920e-01,  2.3672e-01, -2.1212e-01,  4.1103e-03],
        [-6.2675e-02, -2.6803e-03,  2.9790e-02,  7.9247e-02,  9.3115e-02,
         -2.9741e-01,  1.6654e-01,  7.1221e-03, -7.9160e-02, -2.1058e-01,
         -2.4743e-01,  7.9029e-01,  4.5292e-02,  1.9369e-03, -2.1528e-02,
         -5.7267e-02, -6.7289e-02,  2.1492e-01,  5.0404e-02,  2.1555e-03,
         -2.3958e-02, -6.3731e-02, -7.4884e-02,  2.3918e-01,  6.2525e-03,
          2.6738e-04, -2.9719e-03, -7.9057e-03, -9.2892e-03,  2.9670e-02],
        [-1.8060e-01,  2.0729e-01, -1.5299e-02, -7.8660e-02, -1.5793e-01,
         -3.5746e-02,  4.7990e-01, -5.5082e-01,  4.0654e-02,  2.0902e-01,
          4.1966e-01,  9.4986e-02,  1.3051e-01, -1.4980e-01,  1.1056e-02,
          5.6843e-02,  1.1413e-01,  2.5832e-02,  1.4524e-01, -1.6670e-01,
          1.2304e-02,  6.3259e-02,  1.2701e-01,  2.8747e-02,  1.8017e-02,
         -2.0679e-02,  1.5263e-03,  7.8471e-03,  1.5755e-02,  3.5660e-03],
        [ 4.3716e-02, -2.5847e-02,  1.1903e-01, -2.9086e-01,  6.1909e-02,
         -5.5176e-02, -1.1617e-01,  6.8681e-02, -3.1630e-01,  7.7289e-01,
         -1.6451e-01,  1.4662e-01, -3.1591e-02,  1.8678e-02, -8.6018e-02,
          2.1019e-01, -4.4738e-02,  3.9873e-02, -3.5157e-02,  2.0786e-02,
         -9.5728e-02,  2.3392e-01, -4.9788e-02,  4.4373e-02, -4.3612e-03,
          2.5785e-03, -1.1875e-02,  2.9017e-02, -6.1761e-03,  5.5044e-03],
        [-1.4610e-01, -2.3783e-01,  8.3358e-02,  1.9209e-03, -1.5275e-01,
         -6.0303e-03,  3.8822e-01,  6.3196e-01, -2.2150e-01, -5.1044e-03,
          4.0589e-01,  1.6024e-02,  1.0558e-01,  1.7186e-01, -6.0238e-02,
         -1.3882e-03,  1.1038e-01,  4.3577e-03,  1.1750e-01,  1.9126e-01,
         -6.7038e-02, -1.5448e-03,  1.2284e-01,  4.8496e-03,  1.4575e-02,
          2.3725e-02, -8.3159e-03, -1.9163e-04,  1.5238e-02,  6.0158e-04],
        [ 1.9133e-01, -2.9052e-02, -1.2021e-01, -3.6648e-02, -1.9893e-01,
         -1.2414e-01, -5.0840e-01,  7.7198e-02,  3.1943e-01,  9.7384e-02,
          5.2860e-01,  3.2988e-01, -1.3826e-01,  2.0994e-02,  8.6869e-02,
          2.6484e-02,  1.4375e-01,  8.9712e-02, -1.5387e-01,  2.3364e-02,
          9.6674e-02,  2.9473e-02,  1.5998e-01,  9.9838e-02, -1.9087e-02,
          2.8982e-03,  1.1992e-02,  3.6561e-03,  1.9845e-02,  1.2385e-02],
        [-1.0872e-01, -8.4723e-02, -2.6746e-01, -9.9051e-02,  8.8758e-02,
         -1.7199e-03,  2.8889e-01,  2.2513e-01,  7.1072e-01,  2.6320e-01,
         -2.3585e-01,  4.5701e-03,  7.8565e-02,  6.1224e-02,  1.9328e-01,
          7.1578e-02, -6.4140e-02,  1.2429e-03,  8.7432e-02,  6.8135e-02,
          2.1510e-01,  7.9658e-02, -7.1380e-02,  1.3831e-03,  1.0846e-02,
          8.4520e-03,  2.6682e-02,  9.8813e-03, -8.8545e-03,  1.7157e-04],
        [ 1.4955e-01,  6.3952e-03, -7.1081e-02, -1.8909e-01, -2.2218e-01,
          7.0964e-01,  2.6696e-02,  1.1416e-03, -1.2689e-02, -3.3755e-02,
         -3.9662e-02,  1.2668e-01,  6.8235e-02,  2.9180e-03, -3.2433e-02,
         -8.6276e-02, -1.0137e-01,  3.2379e-01,  4.6365e-02,  1.9828e-03,
         -2.2038e-02, -5.8625e-02, -6.8884e-02,  2.2002e-01, -8.0083e-02,
         -3.4247e-03,  3.8064e-02,  1.0126e-01,  1.1898e-01, -3.8001e-01],
        [ 4.3093e-01, -4.9460e-01,  3.6505e-02,  1.8769e-01,  3.7683e-01,
          8.5292e-02,  7.6927e-02, -8.8294e-02,  6.5167e-03,  3.3505e-02,
          6.7270e-02,  1.5226e-02,  1.9662e-01, -2.2568e-01,  1.6656e-02,
          8.5637e-02,  1.7194e-01,  3.8917e-02,  1.3360e-01, -1.5335e-01,
          1.1318e-02,  5.8190e-02,  1.1683e-01,  2.6444e-02, -2.3076e-01,
          2.6486e-01, -1.9548e-02, -1.0051e-01, -2.0179e-01, -4.5674e-02],
        [-1.0431e-01,  6.1672e-02, -2.8402e-01,  6.9402e-01, -1.4772e-01,
          1.3165e-01, -1.8621e-02,  1.1009e-02, -5.0702e-02,  1.2389e-01,
         -2.6370e-02,  2.3502e-02, -4.7594e-02,  2.8140e-02, -1.2959e-01,
          3.1666e-01, -6.7401e-02,  6.0070e-02, -3.2340e-02,  1.9121e-02,
         -8.8057e-02,  2.1517e-01, -4.5799e-02,  4.0818e-02,  5.5858e-02,
         -3.3026e-02,  1.5209e-01, -3.7165e-01,  7.9104e-02, -7.0501e-02],
        [ 3.4860e-01,  5.6747e-01, -1.9890e-01, -4.5835e-03,  3.6447e-01,
          1.4389e-02,  6.2231e-02,  1.0130e-01, -3.5506e-02, -8.1823e-04,
          6.5063e-02,  2.5686e-03,  1.5906e-01,  2.5892e-01, -9.0753e-02,
         -2.0913e-03,  1.6630e-01,  6.5652e-03,  1.0808e-01,  1.7594e-01,
         -6.1666e-02, -1.4211e-03,  1.1300e-01,  4.4610e-03, -1.8668e-01,
         -3.0388e-01,  1.0651e-01,  2.4545e-03, -1.9517e-01, -7.7051e-03],
        [-4.5651e-01,  6.9319e-02,  2.8683e-01,  8.7445e-02,  4.7465e-01,
          2.9622e-01, -8.1495e-02,  1.2375e-02,  5.1203e-02,  1.5610e-02,
          8.4732e-02,  5.2879e-02, -2.0830e-01,  3.1629e-02,  1.3087e-01,
          3.9899e-02,  2.1657e-01,  1.3516e-01, -1.4154e-01,  2.1492e-02,
          8.8928e-02,  2.7111e-02,  1.4716e-01,  9.1839e-02,  2.4446e-01,
         -3.7121e-02, -1.5360e-01, -4.6827e-02, -2.5418e-01, -1.5862e-01],
        [ 2.5941e-01,  2.0215e-01,  6.3819e-01,  2.3634e-01, -2.1178e-01,
          4.1037e-03,  4.6308e-02,  3.6088e-02,  1.1393e-01,  4.2191e-02,
         -3.7806e-02,  7.3258e-04,  1.1836e-01,  9.2238e-02,  2.9119e-01,
          1.0784e-01, -9.6631e-02,  1.8724e-03,  8.0427e-02,  6.2675e-02,
          1.9786e-01,  7.3275e-02, -6.5661e-02,  1.2723e-03, -1.3891e-01,
         -1.0825e-01, -3.4175e-01, -1.2656e-01,  1.1341e-01, -2.1976e-03],
        [ 2.1299e-02,  9.1082e-04, -1.0124e-02, -2.6930e-02, -3.1643e-02,
          1.0107e-01,  3.3455e-03,  1.4307e-04, -1.5902e-03, -4.2301e-03,
         -4.9704e-03,  1.5876e-02,  1.2775e-01,  5.4633e-03, -6.0722e-02,
         -1.6153e-01, -1.8980e-01,  6.0623e-01, -1.1004e-01, -4.7057e-03,
          5.2302e-02,  1.3913e-01,  1.6348e-01, -5.2216e-01,  8.6033e-02,
          3.6791e-03, -4.0892e-02, -1.0878e-01, -1.2782e-01,  4.0825e-01],
        [ 6.1374e-02, -7.0442e-02,  5.1991e-03,  2.6731e-02,  5.3669e-02,
          1.2148e-02,  9.6404e-03, -1.1065e-02,  8.1666e-04,  4.1988e-03,
          8.4301e-03,  1.9081e-03,  3.6813e-01, -4.2253e-01,  3.1185e-02,
          1.6034e-01,  3.2191e-01,  7.2863e-02, -3.1708e-01,  3.6393e-01,
         -2.6861e-02, -1.3810e-01, -2.7727e-01, -6.2759e-02,  2.4791e-01,
         -2.8454e-01,  2.1001e-02,  1.0797e-01,  2.1679e-01,  4.9068e-02],
        [-1.4856e-02,  8.7835e-03, -4.0451e-02,  9.8843e-02, -2.1039e-02,
          1.8750e-02, -2.3336e-03,  1.3797e-03, -6.3539e-03,  1.5526e-02,
         -3.3047e-03,  2.9453e-03, -8.9109e-02,  5.2685e-02, -2.4263e-01,
          5.9288e-01, -1.2619e-01,  1.1247e-01,  7.6753e-02, -4.5379e-02,
          2.0899e-01, -5.1067e-01,  1.0869e-01, -9.6872e-02, -6.0009e-02,
          3.5479e-02, -1.6339e-01,  3.9926e-01, -8.4982e-02,  7.5739e-02],
        [ 4.9649e-02,  8.0820e-02, -2.8328e-02, -6.5279e-04,  5.1908e-02,
          2.0493e-03,  7.7987e-03,  1.2695e-02, -4.4496e-03, -1.0254e-04,
          8.1536e-03,  3.2189e-04,  2.9780e-01,  4.8477e-01, -1.6991e-01,
         -3.9156e-03,  3.1135e-01,  1.2292e-02, -2.5651e-01, -4.1755e-01,
          1.4635e-01,  3.3726e-03, -2.6818e-01, -1.0587e-02,  2.0055e-01,
          3.2646e-01, -1.1442e-01, -2.6368e-03,  2.0967e-01,  8.2776e-03],
        [-6.5018e-02,  9.8726e-03,  4.0851e-02,  1.2454e-02,  6.7601e-02,
          4.2188e-02, -1.0213e-02,  1.5508e-03,  6.4167e-03,  1.9563e-03,
          1.0619e-02,  6.6267e-03, -3.8999e-01,  5.9218e-02,  2.4503e-01,
          7.4702e-02,  4.0548e-01,  2.5305e-01,  3.3591e-01, -5.1006e-02,
         -2.1105e-01, -6.4343e-02, -3.4925e-01, -2.1796e-01, -2.6263e-01,
          3.9879e-02,  1.6501e-01,  5.0307e-02,  2.7306e-01,  1.7041e-01],
        [ 3.6946e-02,  2.8791e-02,  9.0892e-02,  3.3660e-02, -3.0162e-02,
          5.8446e-04,  5.8033e-03,  4.5224e-03,  1.4277e-02,  5.2873e-03,
         -4.7378e-03,  9.1805e-05,  2.2161e-01,  1.7269e-01,  5.4518e-01,
          2.0190e-01, -1.8092e-01,  3.5057e-03, -1.9088e-01, -1.4875e-01,
         -4.6958e-01, -1.7390e-01,  1.5583e-01, -3.0196e-03,  1.4924e-01,
          1.1630e-01,  3.6714e-01,  1.3596e-01, -1.2184e-01,  2.3608e-03]],
       dtype=torch.float64)
--------------------------------------------------------------------------------

TPinv
tensor([[-3.8989e+00, -1.3567e+00, -2.7007e+00,  2.3413e+00,  4.3226e+00,
          4.0928e+00,  9.0501e-01,  1.8489e+00,  1.5243e+00, -1.7014e+00,
         -1.9845e+00, -1.6892e+00,  2.4857e+00, -8.4514e-01,  1.4926e+00,
         -1.5898e+00, -1.1196e+00, -1.1997e+00, -6.7076e-01, -1.0131e+00,
         -1.2848e+00,  3.0127e-01,  8.1161e-01,  2.0187e+00, -6.0717e+00,
          1.5066e+00, -3.3043e+00,  4.3358e+00,  2.0970e+00,  2.5973e+00],
        [-1.3567e+00, -1.2382e+00,  1.5997e-01,  8.0662e+00,  1.0581e+01,
          5.8720e+00, -1.2329e+00,  2.3525e+00, -6.4447e-01, -3.9210e+00,
         -4.9132e+00, -1.6303e+00,  2.1935e+00, -1.3117e-01,  3.1168e-01,
         -4.1958e+00, -4.3736e+00, -2.5928e+00,  5.1907e-01, -3.0382e+00,
         -1.1910e-01,  2.5339e+00,  2.7584e+00,  1.7411e+00, -5.2578e+00,
         -4.1106e-01, -7.4664e-01,  1.0150e+01,  9.2685e+00,  5.6546e+00],
        [-2.7007e+00,  1.5997e-01,  4.0789e+00,  6.6487e+00,  8.4299e+00,
          4.8878e+00,  4.6962e-01,  9.6857e-01, -2.3906e+00, -3.5838e+00,
         -3.1930e+00, -2.1231e+00,  8.9238e-01, -1.0954e+00,  3.9805e-01,
         -3.3589e+00, -4.5942e+00, -1.2436e+00, -1.3903e-01, -1.2587e+00,
          3.4677e-01,  1.4365e+00,  2.2908e+00,  2.3618e+00, -1.2724e+00,
          2.5798e+00, -2.0096e+00,  8.3031e+00,  1.0244e+01,  1.9915e+00],
        [ 2.3413e+00,  8.0662e+00,  6.6487e+00, -2.8902e-01,  6.1224e-01,
          2.5242e-02, -1.1325e+00, -5.1225e+00, -2.2661e+00,  1.3237e-01,
          8.5846e-01, -1.9196e+00, -2.5120e+00, -2.7240e+00, -3.1372e+00,
          2.4436e-01, -1.6381e+00,  6.2380e-01,  9.8743e-01,  3.8259e+00,
          2.3929e+00,  4.6856e-01, -6.5087e-01,  1.6817e+00,  6.6407e+00,
          6.8127e+00,  6.6994e+00, -1.0954e+00,  3.7898e+00, -1.1481e+00],
        [ 4.3226e+00,  1.0581e+01,  8.4299e+00,  6.1224e-01, -1.6151e+00,
         -1.1677e+00, -1.8910e+00, -6.3621e+00, -3.5906e+00,  2.9892e-01,
          2.1715e+00, -2.2659e+00, -4.1100e+00, -3.0890e+00, -3.9150e+00,
          9.3935e-01, -1.7593e+00,  4.9305e-01,  1.8129e+00,  5.2560e+00,
          2.3046e+00,  2.2264e+00, -1.5933e+00,  7.0431e-01,  1.0829e+01,
          7.5216e+00,  8.8698e+00, -3.7086e+00,  4.3107e+00, -1.7611e-01],
        [ 4.0928e+00,  5.8720e+00,  4.8878e+00,  2.5242e-02, -1.1677e+00,
          1.0967e+00, -2.4250e+00, -3.5479e+00, -2.1119e+00,  5.9402e-02,
          1.6009e+00, -1.6500e+00, -3.0245e+00, -1.8788e+00, -2.5183e+00,
         -7.9480e-03, -4.9674e-01, -3.1147e-01,  2.9542e+00,  2.3723e+00,
          1.8622e+00,  6.0220e-01, -8.6642e-01,  1.3652e+00,  7.0255e+00,
          4.3597e+00,  5.9296e+00, -2.7148e-01,  9.5467e-01,  1.1515e+00],
        [ 9.0501e-01, -1.2329e+00,  4.6962e-01, -1.1325e+00, -1.8910e+00,
         -2.4250e+00, -7.3108e-01, -3.3748e-01, -4.5511e-01,  7.6256e-01,
          1.3354e+00,  3.0092e-01, -4.7424e-01,  1.5534e+00, -1.1444e-01,
          1.1425e+00,  6.6780e-02,  1.0981e+00,  4.1372e-01,  5.4503e-01,
          1.5083e-01,  2.3674e-01, -9.5130e-01, -7.3222e-01,  2.0580e+00,
         -1.8595e+00,  1.4652e-01, -1.9275e+00, -1.4084e+00, -1.2415e+00],
        [ 1.8489e+00,  2.3525e+00,  9.6857e-01, -5.1225e+00, -6.3621e+00,
         -3.5479e+00, -3.3748e-01, -1.2316e+00, -1.3442e-01,  1.8883e+00,
          2.6775e+00,  6.1257e-01, -1.9147e+00, -9.3478e-01, -8.8137e-01,
          3.2651e+00,  2.5783e+00,  1.8378e+00,  3.3122e-01,  1.3053e+00,
          5.2315e-01, -4.6564e-01, -1.5290e+00, -4.7091e-01,  4.5441e+00,
          7.6882e-01,  1.9148e+00, -5.8372e+00, -5.1467e+00, -3.1124e+00],
        [ 1.5243e+00, -6.4447e-01, -2.3906e+00, -2.2661e+00, -3.5906e+00,
         -2.1119e+00, -4.5511e-01, -1.3442e-01,  1.9336e+00,  7.2529e-01,
          1.1940e+00,  4.7892e-01, -3.8930e-01,  8.4346e-01, -3.6642e-01,
          1.0749e+00,  2.3637e+00,  1.0129e+00,  1.4908e-01,  3.2395e-01,
         -8.5422e-01, -3.3865e-01, -6.6080e-01, -1.9139e-01, -1.5696e-01,
         -1.7877e+00,  7.9417e-01, -3.2190e+00, -4.6709e+00,  4.0776e-01],
        [-1.7014e+00, -3.9210e+00, -3.5838e+00,  1.3237e-01,  2.9892e-01,
          5.9402e-02,  7.6256e-01,  1.8883e+00,  7.2529e-01, -3.1977e-01,
         -9.8444e-01,  6.1861e-01,  1.3812e+00,  1.4618e+00,  2.4472e+00,
         -1.7284e-01,  7.5213e-01,  2.2588e-02, -9.6133e-01, -1.3805e+00,
         -2.0167e-01, -2.9624e-01,  7.4176e-01, -2.8726e-01, -3.7308e+00,
         -2.7337e+00, -3.4908e+00,  9.0037e-01, -1.1468e+00,  2.2654e-01],
        [-1.9845e+00, -4.9132e+00, -3.1930e+00,  8.5846e-01,  2.1715e+00,
          1.6009e+00,  1.3354e+00,  2.6775e+00,  1.1940e+00, -9.8444e-01,
         -2.3901e+00,  4.5272e-01,  1.6780e+00,  1.7464e+00,  1.5727e+00,
         -6.9284e-01,  6.9096e-01, -8.2047e-01, -1.2297e+00, -2.0676e+00,
         -1.0815e+00, -1.8314e-01,  1.9888e+00, -1.7616e-01, -5.4134e+00,
         -2.9637e+00, -3.9905e+00,  3.3556e+00, -1.4393e-02,  7.4123e-01],
        [-1.6892e+00, -1.6303e+00, -2.1231e+00, -1.9196e+00, -2.2659e+00,
         -1.6500e+00,  3.0092e-01,  6.1257e-01,  4.7892e-01,  6.1861e-01,
          4.5272e-01,  8.4427e-01,  1.5976e+00,  6.4304e-01,  1.1343e+00,
          1.1284e+00,  1.6127e+00,  6.9626e-01, -5.2406e-02, -9.5588e-02,
         -3.3105e-01, -5.2091e-01,  2.8068e-02, -7.5717e-01, -1.3905e+00,
         -1.3743e+00, -1.7712e+00, -2.2439e+00, -2.5784e+00, -1.4173e+00],
        [ 2.4857e+00,  2.1935e+00,  8.9238e-01, -2.5120e+00, -4.1100e+00,
         -3.0245e+00, -4.7424e-01, -1.9147e+00, -3.8930e-01,  1.3812e+00,
          1.6780e+00,  1.5976e+00, -1.6339e+00,  3.2663e-02, -1.1664e+00,
          1.7189e+00,  1.4006e+00,  7.8279e-01,  5.1204e-01,  1.7099e+00,
          5.3863e-01, -1.1250e-02, -1.3044e+00, -1.1931e+00,  3.9258e+00,
          1.8487e-01,  2.9744e+00, -4.5608e+00, -3.0055e+00, -1.2928e+00],
        [-8.4514e-01, -1.3117e-01, -1.0954e+00, -2.7240e+00, -3.0890e+00,
         -1.8788e+00,  1.5534e+00, -9.3478e-01,  8.4346e-01,  1.4618e+00,
          1.7464e+00,  6.4304e-01,  3.2663e-02,  8.2932e-02,  3.6843e-01,
          1.4093e+00,  1.4460e+00,  8.9774e-01, -8.5994e-01,  8.0683e-01,
         -3.8253e-01, -8.6574e-01, -8.0792e-01, -5.2771e-01,  1.2088e-02,
         -1.2386e-02, -8.3541e-01, -3.2613e+00, -3.0672e+00, -1.9505e+00],
        [ 1.4926e+00,  3.1168e-01,  3.9805e-01, -3.1372e+00, -3.9150e+00,
         -2.5183e+00, -1.1444e-01, -8.8137e-01, -3.6642e-01,  2.4472e+00,
          1.5727e+00,  1.1343e+00, -1.1664e+00,  3.6843e-01, -4.4743e-01,
          1.4392e+00,  1.6713e+00,  1.0001e+00,  1.3125e-01,  8.5584e-01,
          3.6544e-01, -1.0244e+00, -8.5368e-01, -8.6301e-01,  2.6166e+00,
         -5.3966e-01,  9.7185e-01, -3.5790e+00, -3.4749e+00, -2.1150e+00],
        [-1.5898e+00, -4.1958e+00, -3.3589e+00,  2.4436e-01,  9.3935e-01,
         -7.9480e-03,  1.1425e+00,  3.2651e+00,  1.0749e+00, -1.7284e-01,
         -6.9284e-01,  1.1284e+00,  1.7189e+00,  1.4093e+00,  1.4392e+00,
         -3.7399e-01,  4.5565e-01, -2.2914e-01, -9.8069e-01, -2.1152e+00,
         -9.0368e-01, -3.9833e-01,  7.2346e-01, -7.3069e-01, -4.3965e+00,
         -3.4404e+00, -3.1046e+00,  1.2478e+00, -1.0749e+00,  2.5802e-01],
        [-1.1196e+00, -4.3736e+00, -4.5942e+00, -1.6381e+00, -1.7593e+00,
         -4.9674e-01,  6.6780e-02,  2.5783e+00,  2.3637e+00,  7.5213e-01,
          6.9096e-01,  1.6127e+00,  1.4006e+00,  1.4460e+00,  1.6713e+00,
          4.5565e-01,  1.8716e+00, -6.1001e-02, -5.6340e-01, -1.7498e+00,
         -1.2490e+00, -1.0155e+00, -6.7701e-03, -8.1873e-01, -3.9841e+00,
         -3.5220e+00, -3.4368e+00, -5.3144e-01, -4.2854e+00, -1.9081e-02],
        [-1.1997e+00, -2.5928e+00, -1.2436e+00,  6.2380e-01,  4.9305e-01,
         -3.1147e-01,  1.0981e+00,  1.8378e+00,  1.0129e+00,  2.2588e-02,
         -8.2047e-01,  6.9626e-01,  7.8279e-01,  8.9774e-01,  1.0001e+00,
         -2.2914e-01, -6.1001e-02,  1.7631e-02, -7.4048e-01, -1.1833e+00,
         -6.3688e-01, -2.5260e-02,  4.9570e-01, -6.5697e-01, -1.6771e+00,
         -2.0708e+00, -2.4414e+00,  5.8873e-01,  3.0962e-01, -2.7823e-01],
        [-6.7076e-01,  5.1907e-01, -1.3903e-01,  9.8743e-01,  1.8129e+00,
          2.9542e+00,  4.1372e-01,  3.3122e-01,  1.4908e-01, -9.6133e-01,
         -1.2297e+00, -5.2406e-02,  5.1204e-01, -8.5994e-01,  1.3125e-01,
         -9.8069e-01, -5.6340e-01, -7.4048e-01, -2.0692e-01, -4.7359e-01,
         -7.4667e-02, -2.2792e-02,  6.9159e-01,  9.1173e-01, -1.6089e+00,
          1.1716e+00, -3.2541e-01,  2.0814e+00,  1.7924e+00,  9.7097e-01],
        [-1.0131e+00, -3.0382e+00, -1.2587e+00,  3.8259e+00,  5.2560e+00,
          2.3723e+00,  5.4503e-01,  1.3053e+00,  3.2395e-01, -1.3805e+00,
         -2.0676e+00, -9.5588e-02,  1.7099e+00,  8.0683e-01,  8.5584e-01,
         -2.1152e+00, -1.7498e+00, -1.1833e+00, -4.7359e-01, -1.6414e+00,
         -5.5909e-01,  5.7171e-01,  1.3709e+00,  1.8744e-01, -4.0968e+00,
         -1.3197e+00, -1.9322e+00,  4.2075e+00,  3.5478e+00,  2.0972e+00],
        [-1.2848e+00, -1.1910e-01,  3.4677e-01,  2.3929e+00,  2.3046e+00,
          1.8622e+00,  1.5083e-01,  5.2315e-01, -8.5422e-01, -2.0167e-01,
         -1.0815e+00, -3.3105e-01,  5.3863e-01, -3.8253e-01,  3.6544e-01,
         -9.0368e-01, -1.2490e+00, -6.3688e-01, -7.4667e-02, -5.5909e-01,
          3.0605e-01,  1.4350e-01,  5.5085e-01,  4.9626e-01, -8.8652e-01,
          7.6250e-01, -8.3936e-01,  2.5963e+00,  2.4306e+00,  8.4069e-02],
        [ 3.0127e-01,  2.5339e+00,  1.4365e+00,  4.6856e-01,  2.2264e+00,
          6.0220e-01,  2.3674e-01, -4.6564e-01, -3.3865e-01, -2.9624e-01,
         -1.8314e-01, -5.2091e-01, -1.1250e-02, -8.6574e-01, -1.0244e+00,
         -3.9833e-01, -1.0155e+00, -2.5260e-02, -2.2792e-02,  5.7171e-01,
          1.4350e-01,  7.6710e-03,  2.3125e-01,  6.1349e-01,  3.1299e-01,
          1.7292e+00,  1.1886e+00,  8.8440e-01,  1.9589e+00, -2.5448e-01],
        [ 8.1161e-01,  2.7584e+00,  2.2908e+00, -6.5087e-01, -1.5933e+00,
         -8.6642e-01, -9.5130e-01, -1.5290e+00, -6.6080e-01,  7.4176e-01,
          1.9888e+00,  2.8068e-02, -1.3044e+00, -8.0792e-01, -8.5368e-01,
          7.2346e-01, -6.7701e-03,  4.9570e-01,  6.9159e-01,  1.3709e+00,
          5.5085e-01,  2.3125e-01, -1.1538e+00, -1.5872e-01,  3.8430e+00,
          1.4025e+00,  2.1637e+00, -2.6724e+00, -6.3057e-01, -5.2656e-01],
        [ 2.0187e+00,  1.7411e+00,  2.3618e+00,  1.6817e+00,  7.0431e-01,
          1.3652e+00, -7.3222e-01, -4.7091e-01, -1.9139e-01, -2.8726e-01,
         -1.7616e-01, -7.5717e-01, -1.1931e+00, -5.2771e-01, -8.6301e-01,
         -7.3069e-01, -8.1873e-01, -6.5697e-01,  9.1173e-01,  1.8744e-01,
